32
32
32
32
36
36
36
36
36
36
42
42
58
58
58
58
58
58
58
58
67
67
87
87
87
87
87
87
87
87
93
94
100
119
125
125
126
127
127
140
140
150
150
150
150
150
150
150
150
150
150
150
150
150
153
153
153
154
154
154
154
155
155
156
156
156
160
160
160
172
172
172
172
183
183
183
183
183
183
183
183
183
183
183
184
184
184
192
192
192
192
229
236
236
236
267
267
267
267
267
267
267
267
267
274
274
276
295
295
295
295
295
295
311
311
311
311
311
311
311
311
311
311
311
311
311
311
311
311
312
312
312
313
313
313
313
313
313
313
314
314
315
315
315
315
315
315
315
315
315
