24
25
27
29
32
32
32
32
32
32
32
32
35
36
56
64
74
79
84
87
90
93
94
96
96
96
98
101
103
104
106
108
111
112
114
116
129
130
131
135
140
193
196
200
204
212
216
220
224
224
315
315
315
315
315
315
315
315
315
315
315
315
315
315
315
315
315
315
315
315
315
315
315
315
315
315
315
315
315
315
315
315
315
315
315
315
315
315
315
315
315
315
315
315
315
315
315
315
315
315
315
315
315
315
315
315
315
315
315
315
315
315
315
315
315
315
315
315
315
315
315
315
315
315
315
315
315
315
315
315
315
315
315
315
315
315
315
315
315
315
315
315
315
315
315
315
315
315
315
315
