7
7
7
8
8
8
8
8
9
9
9
9
9
10
12
13
14
14
15
16
17
18
19
21
24
27
30
33
35
37
39
41
43
46
48
50
52
54
56
59
61
63
65
67
69
70
72
74
76
78
80
81
83
85
87
89
90
92
100
104
109
114
119
124
131
145
173
175
177
179
182
184
186
191
193
194
196
197
198
200
201
203
204
206
208
210
212
215
217
220
222
226
229
233
238
245
252
258
262
266
269
271
274
276
277
279
281
282
283
285
286
287
288
290
291
292
293
294
295
296
298
299
300
301
302
304
305
307
309
315
315
315
315
315
315
315
315
315
315
315
315
315
315
315
315
315
315
315
315
315
