2
2
2
2
2
2
96
126
128
152
160
160
160
160
160
160
160
160
160
160
160
160
183
183
183
183
183
183
183
183
183
183
183
184
184
186
186
187
188
189
191
192
192
192
204
215
215
215
215
215
215
215
215
215
215
215
215
215
215
215
215
215
215
215
215
215
215
215
215
215
215
215
215
215
219
225
246
246
246
255
279
279
279
280
282
283
284
285
285
300
311
311
311
311
311
311
311
311
313
313
315
315
315
315
315
315
315
315
315
315
315
315
315
315
315
315
315
315
315
315
315
315
315
315
315
315
315
315
315
315
315
315
315
315
315
315
315
315
315
315
315
315
315
315
315
315
315
315
315
315
