1
1
1
1
1
1
1
1
1
1
1
1
10
12
21
23
24
28
32
32
32
35
35
36
37
42
42
42
43
47
48
51
51
52
53
65
65
66
66
67
67
68
71
71
73
74
77
77
82
82
84
89
91
92
92
97
99
102
103
107
111
114
116
121
123
129
134
135
143
195
200
202
202
203
207
207
208
213
213
218
218
218
218
219
219
219
220
221
221
221
231
231
242
242
243
243
249
250
251
251
251
251
251
251
251
251
251
251
252
252
252
256
256
266
266
267
268
268
270
271
271
271
271
272
273
273
273
274
274
275
275
276
276
277
309
309
309
309
309
309
309
309
309
309
309
309
309
315
315
315
